32715
33051
32551
32722
32915
32886
33094
33219
32635
32961
32707
32812
32940
32799
32744
33355
33060
32807
32801
32961
32595
33008
32429
33158
32962
33189
32789
32762
32572
32717
32958
33103
32810
33013
32751
33075
32996
32994
32580
33250
32891
33093
32659
32928
32727
33062
32826
33228
32761
32940
32515
33111
32982
32544
32801
33046
32713
33130
32515
32950
32790
32770
32705
32775
32952
32948
32584
33010
32516
33003
33228
32801
32914
32961
32845
32734
32603
32916
32645
32777
32748
32737
32960
32704
32759
33056
32647
32957
32855
32721
33293
33115
32495
33028
32803
32951
32574
32634
33118
33086
32737
32702
32759
32840
32560
33191
32944
32930
32734
32502
32803
32609
32359
33096
32474
33023
33124
32937
32602
33021
32843
32766
32775
32757
32793
33053
32759
33288
33011
32904
32637
32851
33032
32604
33188
33044
32506
32941
32937
32858
32755
33065
33135
33108
32500
32870
32790
32560
32687
33003
32505
32980
32750
32985
32697
32867
32554
32949
32575
33015
32643
33040
32846
32998
32957
32767
32908
33160
32628
32761
32662
33155
33001
32863
32467
32967
32793
32915
32706
32789
32818
33125
32691
32853
32723
32728
32792
32771
32745
32823
32747
32922
33064
32546
32637
32990
32633
32942
32806
33007
32726
32601
32381
32848
32722
32760
32899
33008
32884
32915
32582
32907
32414
32958
32640
33142
32976
32984
33088
32708
32788
32952
32519
32948
32895
32929
32733
32828
33033
32783
32732
33155
32900
33008
32830
32989
32873
32967
32576
33092
32907
33078
32905
32879
32742
32829
33072
32925
32735
33180
32527
32626
